repres7days          0         1        All
age                                        
0-5           10513364   1529221   12042585
16-25         16651782   6476684   23128466
26-45         29152169  35829904   64982073
46-65         23105736  19801670   42907406
6-15           8250084   1460113    9710197
66-85         16196388   4211350   20407738
86+            3048956    508466    3557422
All          106918479  69817408  176735887 

repres7days          0         1        All
sex                                        
F             54777945  31464406   86242351
M             52129475  38335559   90465034
other            11059     17443      28502
All          106918479  69817408  176735887 

repres7days                  0         1        All
source_referral                                    
clinic                  126291  12833220   12959511
community_org           102924   1868105    1971029
hospital                 24271    529223     553494
other                104395411  42317631  146713042
self/family/friends    2269582  12269229   14538811
All                  106918479  69817408  176735887 

repres7days                 0         1        All
departure_referral                                
ED_review             3966672   2790124    6756796
no_referral           8648440  12189398   20837838
specialist           90020066  52637830  142657896
unknown               4283301   2200056    6483357
All                 106918479  69817408  176735887 

repres7days                 0         1        All
preferred_language                                
asian                  102598    233744     336342
english               4492678  37226774   41719452
european               304482    547745     852227
middle eastern          39262     51034      90296
none                     2882      1297       4179
other               101976577  31756814  133733391
All                 106918479  69817408  176735887 

repres7days              0         1        All
arrival_mode                                   
ambulance         28415529  12448386   40863915
other              5460065   8257195   13717260
private_vehicle   73042885  49111827  122154712
All              106918479  69817408  176735887 

repres7days                  0         1        All
separation_mode                                    
admitted              17007363   5444577   22451940
died/other            45808759  13666546   59475305
left_against_advice    5209975   3729102    8939077
released              38892382  46977183   85869565
All                  106918479  69817408  176735887 

repres7days              0         1        All
triage_category                                
1                   658411    156446     814857
2                 14158579   4115666   18274245
3                 37434772  11811423   49246195
4                 42027448  19893122   61920570
5                 12639269  33840751   46480020
All              106918479  69817408  176735887 

repres7days          0         1        All
icu_status                                 
False        106128199  69638985  175767184
True            790280    178423     968703
All          106918479  69817408  176735887 

repres7days          0         1        All
level                                      
0              3169066   1436514    4605580
1              1462419   1924238    3386657
2              7702530  17815324   25517854
3             25758054  23754171   49512225
4             17282101   5245110   22527211
5             25596490   8539482   34135972
6             25947819  11102569   37050388
All          106918479  69817408  176735887 

repres7days          0         1        All
EDLOS                                      
0-4             294785   5301443    5596228
13-24          3388523  11565815   14954338
25+          101585196  38871717  140456913
5-12           1649975  14078433   15728408
All          106918479  69817408  176735887 

repres7days          0         1        All
remoteness                                 
1             63237825  22779265   86017090
2              9719675  10657185   20376860
3             32614460  35148639   67763099
4               840186    658014    1498200
5               506333    574305    1080638
All          106918479  69817408  176735887 

repres7days           0         1        All
death_status                                
False         106918479  69817408  176735887
All           106918479  69817408  176735887 

