repres7days         0        1       All
age                                     
0-5           1629419   363621   1993040
16-25         3019587  1411980   4431567
26-45         6466327  2760714   9227041
46-65         7049547  2535020   9584567
6-15           958946   252877   1211823
66-85         7074597  1111497   8186094
86+           1701361   189757   1891118
All          27899784  8625466  36525250 

repres7days         0        1       All
sex                                     
F            14373365  4548851  18922216
M            13524548  4074697  17599245
other            1871     1918      3789
All          27899784  8625466  36525250 

repres7days                 0        1       All
source_referral                                 
clinic                   6828    21261     28089
community_org           27655    46161     73816
hospital                 6007     4059     10066
other                27345962  7612633  34958595
self/family/friends    513332   941352   1454684
All                  27899784  8625466  36525250 

repres7days                0        1       All
departure_referral                             
ED_review             130992    56452    187444
no_referral           526773   313639    840412
specialist          27055972  8109204  35165176
unknown               186047   146171    332218
All                 27899784  8625466  36525250 

repres7days                0        1       All
preferred_language                             
asian                  13032    12781     25813
english              1032297  1695976   2728273
european               77659   119645    197304
middle eastern         13264    12398     25662
none                     453      174       627
other               26763079  6784492  33547571
All                 27899784  8625466  36525250 

repres7days             0        1       All
arrival_mode                                
ambulance        13101780  4108254  17210034
other             1261057   590420   1851477
private_vehicle  13536947  3926792  17463739
All              27899784  8625466  36525250 

repres7days                 0        1       All
separation_mode                                 
admitted             15169036  4885918  20054954
died/other           12045027  2855865  14900892
left_against_advice    203436   243307    446743
released               482285   640376   1122661
All                  27899784  8625466  36525250 

repres7days             0        1       All
triage_category                             
1                  495117   103131    598248
2                 7409317  1864970   9274287
3                13547683  4005130  17552813
4                 5924073  2176866   8100939
5                  523594   475369    998963
All              27899784  8625466  36525250 

repres7days         0        1       All
icu_status                              
False        27121829  8449540  35571369
True           777955   175926    953881
All          27899784  8625466  36525250 

repres7days         0        1       All
level                                   
0              387873   146731    534604
1              129176    68831    198007
2             1126269   354422   1480691
3             4501534  1225860   5727394
4             4259325  1125066   5384391
5             8009835  2277767  10287602
6             9485772  3426789  12912561
All          27899784  8625466  36525250 

repres7days         0        1       All
EDLOS                                   
0-4             19232    11642     30874
13-24          178957    98288    277245
25+          27600570  8457019  36057589
5-12           101025    58517    159542
All          27899784  8625466  36525250 

repres7days         0        1       All
remoteness                              
1            19681083  6141000  25822083
2             1629250   505461   2134711
3             6341439  1859978   8201417
4              145090    73759    218849
5              102922    45268    148190
All          27899784  8625466  36525250 

repres7days          0        1       All
death_status                             
False         27899784  8625466  36525250
All           27899784  8625466  36525250 

